0.67 0.67 0.67 0.67 0.67 0.67 0.67 0.67 0.67 0.67 0.67 0.67 0.67 0.67 0.67 0.67 0.67 0.67 0.67 0.67 0.67 0.67 0.67 0.67
0.64 0.64 0.64 0.66 0.66 0.66 0.67 0.68 0.68 0.68 0.68 0.70 0.70 0.70 0.70 0.68 0.68 0.68 0.68 0.67 0.67 0.67 0.66 0.64
0.60 0.60 0.62 0.65 0.65 0.65 0.67 0.69 0.69 0.69 0.70 0.72 0.72 0.72 0.70 0.68 0.68 0.68 0.68 0.67 0.67 0.67 0.64 0.60
0.64 0.64 0.66 0.68 0.68 0.68 0.70 0.72 0.72 0.72 0.73 0.74 0.74 0.74 0.73 0.72 0.72 0.72 0.70 0.68 0.68 0.68 0.66 0.64
0.68 0.68 0.70 0.71 0.71 0.71 0.73 0.75 0.75 0.75 0.76 0.76 0.76 0.76 0.76 0.75 0.75 0.75 0.72 0.70 0.70 0.70 0.69 0.68
0.71 0.71 0.72 0.74 0.74 0.74 0.76 0.78 0.78 0.78 0.78 0.78 0.78 0.78 0.78 0.78 0.78 0.78 0.75 0.72 0.72 0.72 0.72 0.71
0.74 0.74 0.75 0.76 0.76 0.76 0.78 0.80 0.80 0.80 0.80 0.80 0.80 0.80 0.81 0.82 0.82 0.82 0.78 0.73 0.73 0.73 0.74 0.74
0.76 0.76 0.76 0.77 0.77 0.77 0.80 0.82 0.82 0.82 0.82 0.82 0.82 0.82 0.82 0.83 0.83 0.83 0.78 0.74 0.74 0.74 0.75 0.76
0.79 0.79 0.78 0.78 0.78 0.78 0.80 0.83 0.83 0.83 0.84 0.85 0.85 0.85 0.84 0.84 0.84 0.84 0.80 0.76 0.76 0.76 0.78 0.79
0.80 0.80 0.79 0.78 0.78 0.78 0.81 0.84 0.84 0.84 0.85 0.86 0.86 0.86 0.86 0.86 0.86 0.86 0.81 0.76 0.76 0.76 0.78 0.80
0.81 0.81 0.80 0.79 0.79 0.79 0.82 0.85 0.85 0.85 0.86 0.87 0.87 0.87 0.88 0.89 0.89 0.89 0.83 0.77 0.77 0.77 0.79 0.81
0.81 0.81 0.78 0.76 0.76 0.76 0.81 0.86 0.86 0.86 0.85 0.84 0.84 0.84 0.86 0.87 0.87 0.87 0.82 0.78 0.78 0.78 0.80 0.81
0.81 0.81 0.78 0.74 0.74 0.74 0.80 0.86 0.86 0.86 0.84 0.82 0.82 0.82 0.84 0.85 0.85 0.85 0.82 0.78 0.78 0.78 0.80 0.81
0.80 0.80 0.75 0.70 0.70 0.70 0.78 0.86 0.86 0.86 0.82 0.78 0.78 0.78 0.80 0.81 0.81 0.81 0.80 0.78 0.78 0.78 0.79 0.80
0.78 0.78 0.72 0.67 0.67 0.67 0.77 0.87 0.87 0.87 0.81 0.75 0.75 0.75 0.76 0.77 0.77 0.77 0.78 0.79 0.79 0.79 0.78 0.78
0.74 0.74 0.71 0.68 0.68 0.68 0.76 0.88 0.88 0.88 0.84 0.80 0.80 0.80 0.81 0.82 0.82 0.82 0.80 0.79 0.79 0.79 0.76 0.74
0.71 0.71 0.70 0.70 0.70 0.70 0.79 0.88 0.88 0.88 0.87 0.86 0.86 0.86 0.86 0.87 0.87 0.87 0.83 0.79 0.79 0.79 0.75 0.71
0.71 0.71 0.70 0.70 0.70 0.70 0.79 0.88 0.88 0.88 0.87 0.86 0.86 0.86 0.86 0.87 0.87 0.87 0.83 0.79 0.79 0.79 0.75 0.71
0.72 0.72 0.72 0.72 0.72 0.72 0.78 0.84 0.84 0.84 0.84 0.84 0.84 0.84 0.84 0.84 0.84 0.84 0.80 0.74 0.74 0.74 0.74 0.72
0.70 0.70 0.70 0.70 0.70 0.70 0.70 0.70 0.70 0.70 0.70 0.70 0.70 0.70 0.70 0.70 0.70 0.70 0.70 0.70 0.70 0.70 0.70 0.70
0.73 0.73 0.74 0.74 0.74 0.74 0.72 0.69 0.69 0.69 0.69 0.68 0.68 0.68 0.67 0.66 0.66 0.66 0.68 0.70 0.70 0.70 0.72 0.73
0.76 0.76 0.77 0.78 0.78 0.78 0.73 0.68 0.68 0.68 0.68 0.67 0.67 0.67 0.64 0.62 0.62 0.62 0.66 0.70 0.70 0.70 0.73 0.76
0.78 0.78 0.79 0.80 0.80 0.80 0.76 0.71 0.71 0.71 0.70 0.68 0.68 0.68 0.68 0.68 0.68 0.68 0.70 0.72 0.72 0.72 0.75 0.78
0.79 0.79 0.80 0.81 0.81 0.81 0.78 0.74 0.74 0.74 0.72 0.70 0.70 0.70 0.72 0.73 0.73 0.73 0.73 0.73 0.73 0.73 0.76 0.79
0.80 0.80 0.81 0.82 0.82 0.82 0.79 0.76 0.76 0.76 0.74 0.72 0.72 0.72 0.74 0.76 0.76 0.76 0.75 0.74 0.74 0.74 0.77 0.80
0.82 0.82 0.82 0.83 0.83 0.83 0.81 0.79 0.79 0.79 0.77 0.75 0.75 0.75 0.78 0.80 0.80 0.80 0.78 0.76 0.76 0.76 0.79 0.82
0.83 0.83 0.82 0.82 0.82 0.82 0.82 0.81 0.81 0.81 0.80 0.78 0.78 0.78 0.80 0.82 0.82 0.82 0.80 0.77 0.77 0.77 0.80 0.83
0.84 0.84 0.83 0.82 0.82 0.82 0.82 0.83 0.83 0.83 0.82 0.81 0.81 0.81 0.82 0.84 0.84 0.84 0.81 0.78 0.78 0.78 0.81 0.84
0.84 0.84 0.83 0.82 0.82 0.82 0.83 0.84 0.84 0.84 0.84 0.84 0.84 0.84 0.84 0.85 0.85 0.85 0.82 0.78 0.78 0.78 0.81 0.84
0.83 0.83 0.82 0.81 0.81 0.81 0.83 0.85 0.85 0.85 0.86 0.86 0.86 0.86 0.86 0.86 0.86 0.86 0.82 0.79 0.79 0.79 0.81 0.83
0.80 0.80 0.79 0.78 0.78 0.78 0.82 0.85 0.85 0.85 0.86 0.86 0.86 0.86 0.86 0.86 0.86 0.86 0.82 0.78 0.78 0.78 0.79 0.80
0.78 0.78 0.77 0.76 0.76 0.76 0.80 0.85 0.85 0.85 0.85 0.85 0.85 0.85 0.85 0.85 0.85 0.85 0.82 0.78 0.78 0.78 0.78 0.78
0.76 0.76 0.75 0.74 0.74 0.74 0.80 0.85 0.85 0.85 0.84 0.84 0.84 0.84 0.84 0.84 0.84 0.84 0.80 0.77 0.77 0.77 0.76 0.76
0.74 0.74 0.72 0.71 0.71 0.71 0.78 0.85 0.85 0.85 0.84 0.83 0.83 0.83 0.82 0.82 0.82 0.82 0.79 0.76 0.76 0.76 0.75 0.74
0.76 0.76 0.73 0.70 0.70 0.70 0.78 0.86 0.86 0.86 0.85 0.84 0.84 0.84 0.84 0.84 0.84 0.84 0.80 0.77 0.77 0.77 0.76 0.76
0.77 0.77 0.73 0.69 0.69 0.69 0.78 0.87 0.87 0.87 0.86 0.86 0.86 0.86 0.86 0.85 0.85 0.85 0.82 0.78 0.78 0.78 0.78 0.77
0.77 0.77 0.73 0.69 0.69 0.69 0.78 0.87 0.87 0.87 0.86 0.86 0.86 0.86 0.86 0.85 0.85 0.85 0.82 0.78 0.78 0.78 0.78 0.77
0.78 0.78 0.72 0.66 0.66 0.66 0.76 0.86 0.86 0.86 0.85 0.86 0.86 0.86 0.84 0.83 0.83 0.83 0.80 0.78 0.78 0.78 0.78 0.78
0.68 0.68 0.68 0.68 0.68 0.68 0.68 0.68 0.68 0.68 0.68 0.68 0.68 0.68 0.68 0.68 0.68 0.68 0.68 0.68 0.68 0.68 0.68 0.68
0.65 0.65 0.67 0.69 0.69 0.69 0.70 0.71 0.71 0.71 0.69 0.68 0.68 0.68 0.67 0.66 0.66 0.66 0.68 0.70 0.70 0.70 0.68 0.65
0.62 0.62 0.66 0.70 0.70 0.70 0.72 0.74 0.74 0.74 0.70 0.67 0.67 0.67 0.66 0.64 0.64 0.64 0.68 0.73 0.73 0.73 0.68 0.62
0.66 0.66 0.69 0.72 0.72 0.72 0.74 0.76 0.76 0.76 0.73 0.70 0.70 0.70 0.69 0.68 0.68 0.68 0.72 0.76 0.76 0.76 0.71 0.66
0.69 0.69 0.72 0.74 0.74 0.74 0.76 0.77 0.77 0.77 0.74 0.72 0.72 0.72 0.72 0.72 0.72 0.72 0.75 0.78 0.78 0.78 0.74 0.69
0.73 0.73 0.74 0.76 0.76 0.76 0.78 0.79 0.79 0.79 0.78 0.76 0.76 0.76 0.76 0.76 0.76 0.76 0.78 0.80 0.80 0.80 0.76 0.73
0.77 0.77 0.78 0.78 0.78 0.78 0.80 0.81 0.81 0.81 0.80 0.80 0.80 0.80 0.80 0.79 0.79 0.79 0.80 0.82 0.82 0.82 0.80 0.77
0.80 0.80 0.80 0.79 0.79 0.79 0.80 0.82 0.82 0.82 0.83 0.84 0.84 0.84 0.83 0.82 0.82 0.82 0.83 0.84 0.84 0.84 0.82 0.80
0.83 0.83 0.82 0.80 0.80 0.80 0.82 0.84 0.84 0.84 0.86 0.87 0.87 0.87 0.86 0.84 0.84 0.84 0.85 0.86 0.86 0.86 0.84 0.83
0.84 0.84 0.82 0.80 0.80 0.80 0.83 0.86 0.86 0.86 0.87 0.88 0.88 0.88 0.87 0.86 0.86 0.86 0.86 0.86 0.86 0.86 0.85 0.84
0.86 0.86 0.84 0.81 0.81 0.81 0.84 0.87 0.87 0.87 0.88 0.90 0.90 0.90 0.88 0.87 0.87 0.87 0.87 0.87 0.87 0.87 0.86 0.86
0.84 0.84 0.81 0.78 0.78 0.78 0.83 0.88 0.88 0.88 0.89 0.90 0.90 0.90 0.89 0.88 0.88 0.88 0.87 0.86 0.86 0.86 0.85 0.84
0.83 0.83 0.80 0.76 0.76 0.76 0.82 0.89 0.89 0.89 0.90 0.90 0.90 0.90 0.89 0.88 0.88 0.88 0.87 0.86 0.86 0.86 0.84 0.83
0.80 0.80 0.76 0.73 0.73 0.73 0.81 0.89 0.89 0.89 0.90 0.90 0.90 0.90 0.89 0.88 0.88 0.88 0.86 0.84 0.84 0.84 0.82 0.80
0.78 0.78 0.74 0.70 0.70 0.70 0.80 0.89 0.89 0.89 0.89 0.89 0.89 0.89 0.89 0.89 0.89 0.89 0.86 0.83 0.83 0.83 0.80 0.78
0.80 0.80 0.76 0.73 0.73 0.73 0.81 0.89 0.89 0.89 0.90 0.90 0.90 0.90 0.90 0.89 0.89 0.89 0.86 0.84 0.84 0.84 0.82 0.80
0.83 0.83 0.80 0.76 0.76 0.76 0.82 0.89 0.89 0.89 0.90 0.90 0.90 0.90 0.90 0.89 0.89 0.89 0.86 0.84 0.84 0.84 0.84 0.83
0.83 0.83 0.80 0.76 0.76 0.76 0.82 0.89 0.89 0.89 0.90 0.90 0.90 0.90 0.90 0.89 0.89 0.89 0.86 0.84 0.84 0.84 0.84 0.83
0.82 0.82 0.80 0.78 0.78 0.78 0.82 0.88 0.88 0.88 0.89 0.90 0.90 0.90 0.88 0.87 0.87 0.87 0.84 0.81 0.81 0.81 0.82 0.82
0.69 0.69 0.69 0.69 0.69 0.69 0.69 0.69 0.69 0.69 0.69 0.69 0.69 0.69 0.69 0.69 0.69 0.69 0.69 0.69 0.69 0.69 0.69 0.69
0.68 0.68 0.70 0.70 0.70 0.70 0.71 0.72 0.72 0.72 0.72 0.71 0.71 0.71 0.72 0.74 0.74 0.74 0.70 0.67 0.67 0.67 0.68 0.68
0.67 0.67 0.70 0.72 0.72 0.72 0.73 0.74 0.74 0.74 0.74 0.73 0.73 0.73 0.76 0.80 0.80 0.80 0.72 0.65 0.65 0.65 0.66 0.67
0.68 0.68 0.71 0.74 0.74 0.74 0.74 0.75 0.75 0.75 0.74 0.74 0.74 0.74 0.78 0.81 0.81 0.81 0.74 0.67 0.67 0.67 0.68 0.68
0.70 0.70 0.72 0.75 0.75 0.75 0.76 0.76 0.76 0.76 0.75 0.74 0.74 0.74 0.78 0.82 0.82 0.82 0.76 0.69 0.69 0.69 0.70 0.70
0.72 0.72 0.74 0.76 0.76 0.76 0.77 0.78 0.78 0.78 0.76 0.74 0.74 0.74 0.78 0.82 0.82 0.82 0.76 0.71 0.71 0.71 0.72 0.72
0.73 0.73 0.76 0.78 0.78 0.78 0.79 0.80 0.80 0.80 0.78 0.75 0.75 0.75 0.78 0.81 0.81 0.81 0.77 0.73 0.73 0.73 0.73 0.73
0.74 0.74 0.76 0.79 0.79 0.79 0.80 0.80 0.80 0.80 0.78 0.76 0.76 0.76 0.78 0.81 0.81 0.81 0.78 0.74 0.74 0.74 0.74 0.74
0.75 0.75 0.78 0.80 0.80 0.80 0.80 0.81 0.81 0.81 0.78 0.76 0.76 0.76 0.78 0.81 0.81 0.81 0.78 0.76 0.76 0.76 0.76 0.75
0.76 0.76 0.78 0.80 0.80 0.80 0.80 0.81 0.81 0.81 0.78 0.76 0.76 0.76 0.78 0.80 0.80 0.80 0.78 0.77 0.77 0.77 0.76 0.76
0.77 0.77 0.79 0.81 0.81 0.81 0.81 0.81 0.81 0.81 0.79 0.77 0.77 0.77 0.78 0.80 0.80 0.80 0.79 0.78 0.78 0.78 0.78 0.77
0.78 0.78 0.79 0.80 0.80 0.80 0.81 0.82 0.82 0.82 0.80 0.78 0.78 0.78 0.79 0.80 0.80 0.80 0.78 0.76 0.76 0.76 0.77 0.78
0.78 0.78 0.79 0.80 0.80 0.80 0.81 0.82 0.82 0.82 0.80 0.78 0.78 0.78 0.80 0.81 0.81 0.81 0.78 0.74 0.74 0.74 0.76 0.78
0.78 0.78 0.78 0.78 0.78 0.78 0.80 0.82 0.82 0.82 0.81 0.80 0.80 0.80 0.81 0.82 0.82 0.82 0.77 0.72 0.72 0.72 0.75 0.78
0.77 0.77 0.76 0.75 0.75 0.75 0.79 0.83 0.83 0.83 0.82 0.81 0.81 0.81 0.82 0.83 0.83 0.83 0.76 0.69 0.69 0.69 0.73 0.77
0.76 0.76 0.73 0.70 0.70 0.70 0.77 0.84 0.84 0.84 0.84 0.85 0.85 0.85 0.84 0.84 0.84 0.84 0.78 0.72 0.72 0.72 0.74 0.76
0.76 0.76 0.71 0.66 0.66 0.66 0.76 0.86 0.86 0.86 0.88 0.89 0.89 0.89 0.86 0.86 0.86 0.86 0.80 0.75 0.75 0.75 0.76 0.76
0.76 0.76 0.71 0.66 0.66 0.66 0.76 0.86 0.86 0.86 0.88 0.89 0.89 0.89 0.86 0.86 0.86 0.86 0.80 0.75 0.75 0.75 0.76 0.76
0.76 0.76 0.71 0.66 0.66 0.66 0.76 0.86 0.86 0.86 0.88 0.89 0.89 0.89 0.86 0.86 0.86 0.86 0.80 0.75 0.75 0.75 0.76 0.76
0.69 0.69 0.69 0.69 0.69 0.69 0.69 0.69 0.69 0.69 0.69 0.69 0.69 0.69 0.69 0.69 0.69 0.69 0.69 0.69 0.69 0.69 0.69 0.69
0.66 0.66 0.64 0.65 0.65 0.65 0.68 0.71 0.71 0.71 0.72 0.72 0.72 0.72 0.72 0.72 0.72 0.72 0.70 0.68 0.68 0.68 0.68 0.66
0.64 0.64 0.62 0.61 0.61 0.61 0.67 0.73 0.73 0.73 0.74 0.74 0.74 0.74 0.74 0.74 0.74 0.74 0.70 0.67 0.67 0.67 0.66 0.64
0.66 0.66 0.66 0.66 0.66 0.66 0.70 0.75 0.75 0.75 0.74 0.74 0.74 0.74 0.75 0.76 0.76 0.76 0.72 0.68 0.68 0.68 0.67 0.66
0.68 0.68 0.70 0.71 0.71 0.71 0.74 0.77 0.77 0.77 0.76 0.74 0.74 0.74 0.76 0.78 0.78 0.78 0.74 0.70 0.70 0.70 0.69 0.68
0.69 0.69 0.71 0.73 0.73 0.73 0.76 0.78 0.78 0.78 0.76 0.73 0.73 0.73 0.76 0.78 0.78 0.78 0.75 0.72 0.72 0.72 0.70 0.69
0.70 0.70 0.72 0.75 0.75 0.75 0.78 0.80 0.80 0.80 0.76 0.72 0.72 0.72 0.75 0.78 0.78 0.78 0.76 0.73 0.73 0.73 0.72 0.70
0.72 0.72 0.74 0.76 0.76 0.76 0.78 0.80 0.80 0.80 0.77 0.73 0.73 0.73 0.75 0.77 0.77 0.77 0.76 0.74 0.74 0.74 0.73 0.72
0.73 0.73 0.75 0.77 0.77 0.77 0.79 0.81 0.81 0.81 0.78 0.74 0.74 0.74 0.75 0.76 0.76 0.76 0.76 0.75 0.75 0.75 0.74 0.73
0.74 0.74 0.76 0.78 0.78 0.78 0.80 0.82 0.82 0.82 0.79 0.76 0.76 0.76 0.76 0.76 0.76 0.76 0.76 0.76 0.76 0.76 0.75 0.74
0.75 0.75 0.76 0.78 0.78 0.78 0.80 0.82 0.82 0.82 0.80 0.78 0.78 0.78 0.77 0.76 0.76 0.76 0.76 0.76 0.76 0.76 0.76 0.75
0.76 0.76 0.76 0.77 0.77 0.77 0.80 0.82 0.82 0.82 0.81 0.80 0.80 0.80 0.78 0.77 0.77 0.77 0.76 0.74 0.74 0.74 0.75 0.76
0.77 0.77 0.76 0.76 0.76 0.76 0.79 0.82 0.82 0.82 0.82 0.83 0.83 0.83 0.80 0.78 0.78 0.78 0.75 0.72 0.72 0.72 0.74 0.77
0.76 0.76 0.75 0.74 0.74 0.74 0.79 0.83 0.83 0.83 0.84 0.85 0.85 0.85 0.82 0.80 0.80 0.80 0.75 0.70 0.70 0.70 0.73 0.76
0.75 0.75 0.74 0.73 0.73 0.73 0.78 0.84 0.84 0.84 0.86 0.87 0.87 0.87 0.84 0.81 0.81 0.81 0.76 0.69 0.69 0.69 0.72 0.75
0.77 0.77 0.74 0.70 0.70 0.70 0.78 0.85 0.85 0.85 0.86 0.88 0.88 0.88 0.85 0.82 0.82 0.82 0.78 0.74 0.74 0.74 0.76 0.77
0.79 0.79 0.74 0.68 0.68 0.68 0.77 0.86 0.86 0.86 0.88 0.89 0.89 0.89 0.86 0.84 0.84 0.84 0.82 0.80 0.80 0.80 0.80 0.79
0.79 0.79 0.74 0.68 0.68 0.68 0.77 0.86 0.86 0.86 0.88 0.89 0.89 0.89 0.86 0.84 0.84 0.84 0.82 0.80 0.80 0.80 0.80 0.79
0.79 0.79 0.74 0.68 0.68 0.68 0.77 0.86 0.86 0.86 0.88 0.89 0.89 0.89 0.86 0.84 0.84 0.84 0.82 0.80 0.80 0.80 0.80 0.79
0.69 0.69 0.69 0.69 0.69 0.69 0.69 0.69 0.69 0.69 0.69 0.69 0.69 0.69 0.69 0.69 0.69 0.69 0.69 0.69 0.69 0.69 0.69 0.69
0.68 0.68 0.68 0.68 0.68 0.68 0.70 0.72 0.72 0.72 0.70 0.68 0.68 0.68 0.68 0.70 0.70 0.70 0.70 0.70 0.70 0.70 0.69 0.68
0.66 0.66 0.66 0.67 0.67 0.67 0.71 0.75 0.75 0.75 0.70 0.66 0.66 0.66 0.68 0.70 0.70 0.70 0.71 0.72 0.72 0.72 0.69 0.66
0.66 0.66 0.68 0.69 0.69 0.69 0.72 0.74 0.74 0.74 0.71 0.68 0.68 0.68 0.69 0.70 0.70 0.70 0.71 0.72 0.72 0.72 0.69 0.66
0.67 0.67 0.69 0.71 0.71 0.71 0.72 0.73 0.73 0.73 0.72 0.70 0.70 0.70 0.70 0.70 0.70 0.70 0.71 0.72 0.72 0.72 0.70 0.67
0.68 0.68 0.70 0.73 0.73 0.73 0.72 0.72 0.72 0.72 0.71 0.70 0.70 0.70 0.70 0.70 0.70 0.70 0.71 0.72 0.72 0.72 0.70 0.68
0.69 0.69 0.72 0.75 0.75 0.75 0.73 0.71 0.71 0.71 0.71 0.71 0.71 0.71 0.71 0.71 0.71 0.71 0.72 0.72 0.72 0.72 0.70 0.69
0.70 0.70 0.73 0.76 0.76 0.76 0.73 0.70 0.70 0.70 0.71 0.72 0.72 0.72 0.72 0.72 0.72 0.72 0.72 0.72 0.72 0.72 0.71 0.70
0.71 0.71 0.74 0.78 0.78 0.78 0.74 0.70 0.70 0.70 0.72 0.72 0.72 0.72 0.74 0.74 0.74 0.74 0.74 0.73 0.73 0.73 0.72 0.71
0.75 0.75 0.78 0.80 0.80 0.80 0.76 0.72 0.72 0.72 0.74 0.75 0.75 0.75 0.76 0.77 0.77 0.77 0.78 0.78 0.78 0.78 0.77 0.75
0.79 0.79 0.80 0.82 0.82 0.82 0.78 0.75 0.75 0.75 0.76 0.78 0.78 0.78 0.79 0.80 0.80 0.80 0.82 0.84 0.84 0.84 0.82 0.79
0.80 0.80 0.81 0.82 0.82 0.82 0.82 0.81 0.81 0.81 0.82 0.82 0.82 0.82 0.83 0.84 0.84 0.84 0.84 0.85 0.85 0.85 0.82 0.80
0.81 0.81 0.81 0.82 0.82 0.82 0.84 0.87 0.87 0.87 0.87 0.87 0.87 0.87 0.87 0.87 0.87 0.87 0.86 0.86 0.86 0.86 0.84 0.81
0.81 0.81 0.80 0.80 0.80 0.80 0.84 0.88 0.88 0.88 0.89 0.90 0.90 0.90 0.89 0.88 0.88 0.88 0.87 0.86 0.86 0.86 0.83 0.81
0.81 0.81 0.79 0.77 0.77 0.77 0.83 0.89 0.89 0.89 0.90 0.92 0.92 0.92 0.91 0.90 0.90 0.90 0.88 0.85 0.85 0.85 0.83 0.81
0.80 0.80 0.79 0.78 0.78 0.78 0.73 0.88 0.88 0.88 0.89 0.91 0.91 0.91 0.90 0.90 0.90 0.90 0.87 0.84 0.84 0.84 0.82 0.80
0.80 0.80 0.80 0.79 0.79 0.79 0.82 0.86 0.86 0.86 0.88 0.90 0.90 0.90 0.90 0.90 0.90 0.90 0.86 0.82 0.82 0.82 0.81 0.80
0.80 0.80 0.80 0.79 0.79 0.79 0.82 0.86 0.86 0.86 0.88 0.90 0.90 0.90 0.90 0.90 0.90 0.90 0.86 0.82 0.82 0.82 0.81 0.80
0.80 0.80 0.80 0.79 0.79 0.79 0.82 0.86 0.86 0.86 0.88 0.90 0.90 0.90 0.90 0.90 0.90 0.90 0.86 0.82 0.82 0.82 0.81 0.80
0.80 0.80 0.80 0.80 0.80 0.80 0.80 0.80 0.80 0.80 0.80 0.80 0.80 0.80 0.80 0.80 0.80 0.80 0.80 0.80 0.80 0.80 0.80 0.80
0.74 0.74 0.77 0.80 0.80 0.80 0.81 0.82 0.82 0.82 0.83 0.84 0.84 0.84 0.83 0.82 0.82 0.82 0.80 0.78 0.78 0.78 0.76 0.74
0.68 0.68 0.74 0.79 0.79 0.79 0.82 0.84 0.84 0.84 0.86 0.87 0.87 0.87 0.86 0.85 0.85 0.85 0.80 0.76 0.76 0.76 0.72 0.68
0.69 0.69 0.74 0.80 0.80 0.80 0.82 0.84 0.84 0.84 0.85 0.86 0.86 0.86 0.86 0.86 0.86 0.86 0.81 0.76 0.76 0.76 0.73 0.69
0.70 0.70 0.76 0.81 0.81 0.81 0.82 0.83 0.83 0.83 0.84 0.86 0.86 0.86 0.86 0.86 0.86 0.86 0.82 0.77 0.77 0.77 0.74 0.70
0.71 0.71 0.76 0.82 0.82 0.82 0.83 0.83 0.83 0.83 0.84 0.85 0.85 0.85 0.86 0.86 0.86 0.86 0.82 0.79 0.79 0.79 0.75 0.71
0.72 0.72 0.78 0.84 0.84 0.84 0.84 0.83 0.83 0.83 0.84 0.84 0.84 0.84 0.85 0.86 0.86 0.86 0.84 0.81 0.81 0.81 0.76 0.72
0.74 0.74 0.79 0.84 0.84 0.84 0.83 0.82 0.82 0.82 0.83 0.84 0.84 0.84 0.85 0.86 0.86 0.86 0.84 0.82 0.82 0.82 0.78 0.74
0.75 0.75 0.80 0.85 0.85 0.85 0.84 0.82 0.82 0.82 0.82 0.83 0.83 0.83 0.84 0.85 0.85 0.85 0.84 0.84 0.84 0.84 0.80 0.75
0.77 0.77 0.80 0.85 0.85 0.85 0.83 0.81 0.81 0.81 0.82 0.82 0.82 0.82 0.83 0.84 0.84 0.84 0.84 0.84 0.84 0.84 0.80 0.77
0.79 0.79 0.82 0.85 0.85 0.85 0.82 0.80 0.80 0.80 0.81 0.82 0.82 0.82 0.82 0.83 0.83 0.83 0.84 0.85 0.85 0.85 0.82 0.79
0.79 0.79 0.81 0.84 0.84 0.84 0.81 0.79 0.79 0.79 0.80 0.81 0.81 0.81 0.81 0.82 0.82 0.82 0.82 0.82 0.82 0.82 0.81 0.79
0.79 0.79 0.80 0.82 0.82 0.82 0.80 0.78 0.78 0.78 0.79 0.80 0.80 0.80 0.80 0.81 0.81 0.81 0.80 0.80 0.80 0.80 0.80 0.79
0.78 0.78 0.79 0.80 0.80 0.80 0.79 0.78 0.78 0.78 0.78 0.80 0.80 0.80 0.80 0.80 0.80 0.80 0.78 0.76 0.76 0.76 0.77 0.78
0.77 0.77 0.78 0.78 0.78 0.78 0.78 0.77 0.77 0.77 0.78 0.79 0.79 0.79 0.79 0.79 0.79 0.79 0.76 0.73 0.73 0.73 0.75 0.77
0.76 0.76 0.76 0.76 0.76 0.76 0.78 0.78 0.78 0.78 0.80 0.81 0.81 0.81 0.81 0.80 0.80 0.80 0.76 0.71 0.71 0.71 0.73 0.76
0.74 0.74 0.74 0.75 0.75 0.75 0.78 0.80 0.80 0.80 0.82 0.83 0.83 0.83 0.82 0.82 0.82 0.82 0.76 0.69 0.69 0.69 0.72 0.74
0.74 0.74 0.74 0.75 0.75 0.75 0.78 0.80 0.80 0.80 0.82 0.83 0.83 0.83 0.82 0.82 0.82 0.82 0.76 0.69 0.69 0.69 0.72 0.74
0.72 0.72 0.72 0.72 0.72 0.72 0.78 0.84 0.84 0.84 0.84 0.84 0.84 0.84 0.84 0.84 0.84 0.84 0.80 0.74 0.74 0.74 0.74 0.72
0.81 0.81 0.81 0.81 0.81 0.81 0.81 0.81 0.81 0.81 0.81 0.81 0.81 0.81 0.81 0.81 0.81 0.81 0.81 0.81 0.81 0.81 0.81 0.81
0.82 0.82 0.81 0.80 0.80 0.80 0.81 0.82 0.82 0.82 0.82 0.83 0.83 0.83 0.82 0.80 0.80 0.80 0.80 0.80 0.80 0.80 0.80 0.82
0.82 0.82 0.81 0.80 0.80 0.80 0.81 0.82 0.82 0.82 0.84 0.85 0.85 0.85 0.82 0.80 0.80 0.80 0.80 0.79 0.79 0.79 0.80 0.82
0.82 0.82 0.82 0.81 0.81 0.81 0.81 0.80 0.80 0.80 0.82 0.84 0.84 0.84 0.82 0.81 0.81 0.81 0.81 0.80 0.80 0.80 0.81 0.82
0.83 0.83 0.82 0.82 0.82 0.82 0.80 0.79 0.79 0.79 0.80 0.82 0.82 0.82 0.82 0.82 0.82 0.82 0.82 0.82 0.82 0.82 0.82 0.83
0.83 0.83 0.82 0.82 0.82 0.82 0.80 0.78 0.78 0.78 0.79 0.80 0.80 0.80 0.81 0.82 0.82 0.82 0.82 0.82 0.82 0.82 0.83 0.83
0.83 0.83 0.82 0.82 0.82 0.82 0.80 0.77 0.77 0.77 0.78 0.79 0.79 0.79 0.80 0.82 0.82 0.82 0.82 0.83 0.83 0.83 0.83 0.83
0.82 0.82 0.82 0.82 0.82 0.82 0.79 0.76 0.76 0.76 0.77 0.78 0.78 0.78 0.80 0.82 0.82 0.82 0.82 0.82 0.82 0.82 0.82 0.82
0.81 0.81 0.81 0.81 0.81 0.81 0.78 0.76 0.76 0.76 0.76 0.77 0.77 0.77 0.79 0.81 0.81 0.81 0.82 0.82 0.82 0.82 0.82 0.81
0.80 0.80 0.80 0.80 0.80 0.80 0.78 0.76 0.76 0.76 0.76 0.78 0.78 0.78 0.78 0.80 0.80 0.80 0.80 0.80 0.80 0.80 0.80 0.80
0.78 0.78 0.78 0.78 0.78 0.78 0.76 0.75 0.75 0.75 0.76 0.78 0.78 0.78 0.78 0.78 0.78 0.78 0.78 0.78 0.78 0.78 0.78 0.78
0.78 0.78 0.79 0.80 0.80 0.80 0.78 0.75 0.75 0.75 0.76 0.78 0.78 0.78 0.78 0.78 0.78 0.78 0.77 0.76 0.76 0.76 0.77 0.78
0.77 0.77 0.80 0.83 0.83 0.83 0.79 0.75 0.75 0.75 0.77 0.79 0.79 0.79 0.78 0.77 0.77 0.77 0.76 0.74 0.74 0.74 0.76 0.77
0.77 0.77 0.76 0.76 0.76 0.76 0.76 0.76 0.76 0.76 0.79 0.80 0.80 0.80 0.79 0.78 0.78 0.78 0.76 0.74 0.74 0.74 0.75 0.77
0.77 0.77 0.73 0.69 0.69 0.69 0.74 0.78 0.78 0.78 0.80 0.82 0.82 0.82 0.80 0.78 0.78 0.78 0.76 0.73 0.73 0.73 0.75 0.77
0.78 0.78 0.72 0.66 0.66 0.66 0.74 0.81 0.81 0.81 0.82 0.84 0.84 0.84 0.82 0.80 0.80 0.80 0.77 0.75 0.75 0.75 0.76 0.78
0.79 0.79 0.71 0.63 0.63 0.63 0.74 0.84 0.84 0.84 0.84 0.85 0.85 0.85 0.83 0.81 0.81 0.81 0.79 0.77 0.77 0.77 0.78 0.79
0.79 0.79 0.71 0.63 0.63 0.63 0.74 0.84 0.84 0.84 0.84 0.85 0.85 0.85 0.83 0.81 0.81 0.81 0.79 0.77 0.77 0.77 0.78 0.79
0.78 0.78 0.72 0.66 0.66 0.66 0.76 0.86 0.86 0.86 0.85 0.86 0.86 0.86 0.84 0.83 0.83 0.83 0.80 0.78 0.78 0.78 0.78 0.78
0.78 0.78 0.78 0.78 0.78 0.78 0.78 0.78 0.78 0.78 0.78 0.78 0.78 0.78 0.78 0.78 0.78 0.78 0.78 0.78 0.78 0.78 0.78 0.78
0.76 0.76 0.76 0.76 0.76 0.76 0.78 0.80 0.80 0.80 0.80 0.80 0.80 0.80 0.80 0.78 0.78 0.78 0.78 0.76 0.76 0.76 0.76 0.76
0.73 0.73 0.74 0.74 0.74 0.74 0.78 0.82 0.82 0.82 0.82 0.83 0.83 0.83 0.81 0.79 0.79 0.79 0.77 0.75 0.75 0.75 0.74 0.73
0.74 0.74 0.74 0.74 0.74 0.74 0.77 0.80 0.80 0.80 0.80 0.82 0.82 0.82 0.81 0.80 0.80 0.80 0.78 0.76 0.76 0.76 0.75 0.74
0.75 0.75 0.75 0.75 0.75 0.75 0.76 0.77 0.77 0.77 0.78 0.80 0.80 0.80 0.81 0.80 0.80 0.80 0.78 0.77 0.77 0.77 0.76 0.75
0.76 0.76 0.76 0.76 0.76 0.76 0.76 0.76 0.76 0.76 0.77 0.78 0.78 0.78 0.79 0.80 0.80 0.80 0.79 0.78 0.78 0.78 0.77 0.76
0.77 0.77 0.76 0.76 0.76 0.76 0.75 0.74 0.74 0.74 0.76 0.77 0.77 0.77 0.78 0.80 0.80 0.80 0.80 0.80 0.80 0.80 0.78 0.77
0.78 0.78 0.77 0.76 0.76 0.76 0.75 0.74 0.74 0.74 0.75 0.76 0.76 0.76 0.78 0.80 0.80 0.80 0.81 0.82 0.82 0.82 0.80 0.78
0.79 0.79 0.78 0.76 0.76 0.76 0.74 0.73 0.73 0.73 0.74 0.75 0.75 0.75 0.78 0.80 0.80 0.80 0.82 0.84 0.84 0.84 0.82 0.79
0.80 0.80 0.78 0.76 0.76 0.76 0.75 0.74 0.74 0.74 0.74 0.75 0.75 0.75 0.77 0.80 0.80 0.80 0.82 0.84 0.84 0.84 0.82 0.80
0.80 0.80 0.78 0.76 0.76 0.76 0.76 0.75 0.75 0.75 0.75 0.75 0.75 0.75 0.77 0.79 0.79 0.79 0.82 0.84 0.84 0.84 0.82 0.80
0.80 0.80 0.78 0.76 0.76 0.76 0.77 0.78 0.78 0.78 0.78 0.78 0.78 0.78 0.78 0.79 0.79 0.79 0.80 0.84 0.84 0.84 0.82 0.80
0.81 0.81 0.78 0.76 0.76 0.76 0.78 0.82 0.82 0.82 0.82 0.81 0.81 0.81 0.80 0.79 0.79 0.79 0.81 0.83 0.83 0.83 0.82 0.81
0.81 0.81 0.78 0.76 0.76 0.76 0.80 0.84 0.84 0.84 0.84 0.84 0.84 0.84 0.82 0.80 0.80 0.80 0.81 0.82 0.82 0.82 0.81 0.81
0.81 0.81 0.79 0.77 0.77 0.77 0.81 0.85 0.85 0.85 0.86 0.86 0.86 0.86 0.84 0.81 0.81 0.81 0.80 0.80 0.80 0.80 0.80 0.81
0.80 0.80 0.79 0.78 0.78 0.78 0.82 0.86 0.86 0.86 0.87 0.88 0.88 0.88 0.85 0.83 0.83 0.83 0.81 0.79 0.79 0.79 0.80 0.80
0.80 0.80 0.80 0.79 0.79 0.79 0.82 0.86 0.86 0.86 0.88 0.89 0.89 0.89 0.87 0.85 0.85 0.85 0.82 0.78 0.78 0.78 0.79 0.80
0.80 0.80 0.80 0.79 0.79 0.79 0.82 0.86 0.86 0.86 0.88 0.89 0.89 0.89 0.87 0.85 0.85 0.85 0.82 0.78 0.78 0.78 0.79 0.80
0.82 0.82 0.80 0.78 0.78 0.78 0.82 0.88 0.88 0.88 0.89 0.90 0.90 0.90 0.88 0.87 0.87 0.87 0.84 0.81 0.81 0.81 0.82 0.82
1.38 1.38 1.38 1.38 1.38 1.38 1.38 1.38 1.38 1.38 1.38 1.38 1.38 1.38 1.38 1.38 1.38 1.38 1.38 1.38 1.38 1.38 1.38 1.38
1.41 1.41 1.38 1.36 1.36 1.36 1.39 1.42 1.42 1.42 1.38 1.35 1.35 1.35 1.35 1.36 1.36 1.36 1.37 1.39 1.39 1.39 1.40 1.41
1.44 1.44 1.39 1.34 1.34 1.34 1.40 1.45 1.45 1.45 1.38 1.32 1.32 1.32 1.32 1.33 1.33 1.33 1.36 1.40 1.40 1.40 1.42 1.44
1.40 1.40 1.36 1.32 1.32 1.32 1.37 1.42 1.42 1.42 1.34 1.28 1.28 1.28 1.28 1.28 1.28 1.28 1.33 1.38 1.38 1.38 1.39 1.40
1.37 1.37 1.33 1.29 1.29 1.29 1.34 1.38 1.38 1.38 1.30 1.23 1.23 1.23 1.24 1.24 1.24 1.24 1.30 1.35 1.35 1.35 1.36 1.37
1.34 1.34 1.30 1.26 1.26 1.26 1.30 1.32 1.32 1.32 1.26 1.19 1.19 1.19 1.20 1.20 1.20 1.20 1.26 1.32 1.32 1.32 1.33 1.34
1.30 1.30 1.27 1.24 1.24 1.24 1.26 1.27 1.27 1.27 1.21 1.15 1.15 1.15 1.16 1.17 1.17 1.17 1.24 1.30 1.30 1.30 1.30 1.30
1.28 1.28 1.25 1.22 1.22 1.22 1.22 1.22 1.22 1.22 1.18 1.14 1.14 1.14 1.14 1.14 1.14 1.14 1.21 1.28 1.28 1.28 1.28 1.28
1.25 1.25 1.23 1.21 1.21 1.21 1.18 1.16 1.16 1.16 1.14 1.12 1.12 1.12 1.12 1.12 1.12 1.12 1.18 1.25 1.25 1.25 1.25 1.25
1.24 1.24 1.22 1.20 1.20 1.20 1.18 1.14 1.14 1.14 1.13 1.12 1.12 1.12 1.12 1.12 1.12 1.12 1.18 1.24 1.24 1.24 1.24 1.24
1.23 1.23 1.22 1.20 1.20 1.20 1.18 1.13 1.13 1.13 1.12 1.11 1.11 1.11 1.11 1.11 1.11 1.11 1.17 1.23 1.23 1.23 1.23 1.23
1.26 1.26 1.25 1.25 1.25 1.25 1.20 1.14 1.14 1.14 1.14 1.14 1.14 1.14 1.12 1.13 1.13 1.13 1.20 1.26 1.26 1.26 1.26 1.26
1.28 1.28 1.29 1.30 1.30 1.30 1.22 1.15 1.15 1.15 1.16 1.17 1.17 1.17 1.16 1.15 1.15 1.15 1.22 1.28 1.28 1.28 1.28 1.28
1.31 1.31 1.32 1.34 1.34 1.34 1.25 1.17 1.17 1.17 1.18 1.18 1.18 1.18 1.19 1.20 1.20 1.20 1.25 1.30 1.30 1.30 1.30 1.31
1.34 1.34 1.36 1.37 1.37 1.37 1.28 1.19 1.19 1.19 1.20 1.20 1.20 1.20 1.22 1.24 1.24 1.24 1.28 1.32 1.32 1.32 1.33 1.34
1.30 1.30 1.34 1.38 1.38 1.38 1.28 1.18 1.18 1.18 1.18 1.18 1.18 1.18 1.18 1.19 1.19 1.19 1.22 1.26 1.26 1.26 1.28 1.30
1.27 1.27 1.32 1.38 1.38 1.38 1.28 1.18 1.18 1.18 1.16 1.15 1.15 1.15 1.14 1.14 1.14 1.14 1.17 1.20 1.20 1.20 1.24 1.27
1.27 1.27 1.32 1.38 1.38 1.38 1.28 1.18 1.18 1.18 1.16 1.15 1.15 1.15 1.14 1.14 1.14 1.14 1.17 1.20 1.20 1.20 1.24 1.27
1.24 1.24 1.30 1.38 1.38 1.38 1.26 1.15 1.15 1.15 1.18 1.22 1.22 1.22 1.21 1.20 1.20 1.20 1.20 1.20 1.20 1.20 1.22 1.24
1.41 1.41 1.41 1.41 1.41 1.41 1.41 1.41 1.41 1.41 1.41 1.41 1.41 1.41 1.41 1.41 1.41 1.41 1.41 1.41 1.41 1.41 1.41 1.41
1.43 1.43 1.42 1.40 1.40 1.40 1.42 1.42 1.42 1.42 1.42 1.40 1.40 1.40 1.38 1.37 1.37 1.37 1.40 1.43 1.43 1.43 1.43 1.43
1.45 1.45 1.42 1.39 1.39 1.39 1.42 1.44 1.44 1.44 1.42 1.40 1.40 1.40 1.36 1.33 1.33 1.33 1.39 1.45 1.45 1.45 1.45 1.45
1.42 1.42 1.38 1.35 1.35 1.35 1.38 1.40 1.40 1.40 1.38 1.36 1.36 1.36 1.33 1.31 1.31 1.31 1.37 1.43 1.43 1.43 1.42 1.42
1.39 1.39 1.35 1.31 1.31 1.31 1.34 1.37 1.37 1.37 1.34 1.32 1.32 1.32 1.30 1.29 1.29 1.29 1.35 1.41 1.41 1.41 1.40 1.39
1.36 1.36 1.32 1.28 1.28 1.28 1.29 1.31 1.31 1.31 1.29 1.26 1.26 1.26 1.26 1.26 1.26 1.26 1.32 1.37 1.37 1.37 1.36 1.36
1.33 1.33 1.28 1.24 1.24 1.24 1.24 1.25 1.25 1.25 1.23 1.21 1.21 1.21 1.22 1.22 1.22 1.22 1.28 1.33 1.33 1.33 1.33 1.33
1.32 1.32 1.26 1.22 1.22 1.22 1.20 1.20 1.20 1.20 1.19 1.18 1.18 1.18 1.18 1.19 1.19 1.19 1.25 1.31 1.31 1.31 1.31 1.32
1.30 1.30 1.24 1.19 1.19 1.19 1.16 1.14 1.14 1.14 1.14 1.15 1.15 1.15 1.16 1.16 1.16 1.16 1.22 1.29 1.29 1.29 1.30 1.30
1.28 1.28 1.23 1.18 1.18 1.18 1.15 1.13 1.13 1.13 1.14 1.14 1.14 1.14 1.15 1.15 1.15 1.15 1.22 1.28 1.28 1.28 1.28 1.28
1.27 1.27 1.22 1.17 1.17 1.17 1.14 1.12 1.12 1.12 1.13 1.14 1.14 1.14 1.14 1.14 1.14 1.14 1.21 1.28 1.28 1.28 1.28 1.27
1.28 1.28 1.26 1.24 1.24 1.24 1.19 1.14 1.14 1.14 1.14 1.16 1.16 1.16 1.16 1.16 1.16 1.16 1.23 1.30 1.30 1.30 1.29 1.28
1.30 1.30 1.30 1.31 1.31 1.31 1.24 1.16 1.16 1.16 1.17 1.18 1.18 1.18 1.18 1.18 1.18 1.18 1.25 1.32 1.32 1.32 1.31 1.30
1.32 1.32 1.33 1.34 1.34 1.34 1.25 1.16 1.16 1.16 1.18 1.20 1.20 1.20 1.21 1.22 1.22 1.22 1.29 1.36 1.36 1.36 1.34 1.32
1.33 1.33 1.36 1.38 1.38 1.38 1.28 1.17 1.17 1.17 1.20 1.22 1.22 1.22 1.24 1.26 1.26 1.26 1.33 1.40 1.40 1.40 1.36 1.33
1.27 1.27 1.30 1.32 1.32 1.32 1.24 1.16 1.16 1.16 1.17 1.18 1.18 1.18 1.19 1.20 1.20 1.20 1.26 1.32 1.32 1.32 1.29 1.27
1.21 1.21 1.24 1.26 1.26 1.26 1.20 1.14 1.14 1.14 1.14 1.13 1.13 1.13 1.14 1.15 1.15 1.15 1.19 1.23 1.23 1.23 1.22 1.21
1.21 1.21 1.24 1.26 1.26 1.26 1.20 1.14 1.14 1.14 1.14 1.13 1.13 1.13 1.14 1.15 1.15 1.15 1.19 1.23 1.23 1.23 1.22 1.21
1.24 1.24 1.34 1.35 1.35 1.35 1.24 1.12 1.12 1.12 1.17 1.20 1.20 1.20 1.21 1.22 1.22 1.22 1.22 1.22 1.22 1.22 1.23 1.24
1.38 1.38 1.38 1.38 1.38 1.38 1.38 1.38 1.38 1.38 1.38 1.38 1.38 1.38 1.38 1.38 1.38 1.38 1.38 1.38 1.38 1.38 1.38 1.38
1.37 1.37 1.35 1.32 1.32 1.32 1.36 1.40 1.40 1.40 1.40 1.40 1.40 1.40 1.40 1.39 1.39 1.39 1.40 1.40 1.40 1.40 1.39 1.37
1.36 1.36 1.32 1.27 1.27 1.27 1.34 1.41 1.41 1.41 1.42 1.42 1.42 1.42 1.41 1.40 1.40 1.40 1.42 1.43 1.43 1.43 1.40 1.36
1.34 1.34 1.30 1.26 1.26 1.26 1.32 1.38 1.38 1.38 1.37 1.36 1.36 1.36 1.32 1.28 1.28 1.28 1.33 1.38 1.38 1.38 1.36 1.34
1.31 1.31 1.28 1.25 1.25 1.25 1.30 1.34 1.34 1.34 1.32 1.30 1.30 1.30 1.23 1.16 1.16 1.16 1.25 1.34 1.34 1.34 1.32 1.31
1.28 1.28 1.26 1.24 1.24 1.24 1.27 1.29 1.29 1.29 1.26 1.24 1.24 1.24 1.19 1.14 1.14 1.14 1.22 1.30 1.30 1.30 1.29 1.28
1.26 1.26 1.24 1.23 1.23 1.23 1.24 1.24 1.24 1.24 1.21 1.18 1.18 1.18 1.14 1.11 1.11 1.11 1.18 1.26 1.26 1.26 1.26 1.26
1.22 1.22 1.22 1.21 1.21 1.21 1.21 1.20 1.20 1.20 1.17 1.14 1.14 1.14 1.12 1.10 1.10 1.10 1.16 1.23 1.23 1.23 1.23 1.22
1.19 1.19 1.19 1.19 1.19 1.19 1.18 1.16 1.16 1.16 1.14 1.11 1.11 1.11 1.10 1.09 1.09 1.09 1.14 1.20 1.20 1.20 1.20 1.19
1.17 1.17 1.16 1.16 1.16 1.16 1.15 1.14 1.14 1.14 1.12 1.10 1.10 1.10 1.10 1.09 1.09 1.09 1.13 1.17 1.17 1.17 1.17 1.17
1.15 1.15 1.14 1.14 1.14 1.14 1.14 1.13 1.13 1.13 1.11 1.09 1.09 1.09 1.09 1.09 1.09 1.09 1.12 1.14 1.14 1.14 1.14 1.15
1.18 1.18 1.19 1.20 1.20 1.20 1.16 1.12 1.12 1.12 1.11 1.09 1.09 1.09 1.10 1.10 1.10 1.10 1.12 1.14 1.14 1.14 1.16 1.18
1.22 1.22 1.24 1.26 1.26 1.26 1.19 1.12 1.12 1.12 1.10 1.09 1.09 1.09 1.10 1.11 1.11 1.11 1.12 1.13 1.13 1.13 1.18 1.22
1.27 1.27 1.29 1.30 1.30 1.30 1.21 1.12 1.12 1.12 1.11 1.10 1.10 1.10 1.11 1.12 1.12 1.12 1.14 1.16 1.16 1.16 1.22 1.27
1.32 1.32 1.34 1.35 1.35 1.35 1.24 1.12 1.12 1.12 1.12 1.12 1.12 1.12 1.13 1.14 1.14 1.14 1.17 1.20 1.20 1.20 1.26 1.32
1.25 1.25 1.28 1.30 1.30 1.30 1.22 1.13 1.13 1.13 1.13 1.12 1.12 1.12 1.13 1.14 1.14 1.14 1.17 1.20 1.20 1.20 1.22 1.25
1.18 1.18 1.22 1.25 1.25 1.25 1.20 1.14 1.14 1.14 1.14 1.13 1.13 1.13 1.14 1.15 1.15 1.15 1.18 1.20 1.20 1.20 1.19 1.18
1.18 1.18 1.22 1.25 1.25 1.25 1.20 1.14 1.14 1.14 1.14 1.13 1.13 1.13 1.14 1.15 1.15 1.15 1.18 1.20 1.20 1.20 1.19 1.18
1.20 1.22 1.22 1.23 1.23 1.23 1.18 1.14 1.14 1.14 1.14 1.15 1.15 1.15 1.17 1.18 1.18 1.18 1.20 1.22 1.22 1.22 1.22 1.22
1.35 1.35 1.35 1.35 1.35 1.35 1.35 1.35 1.35 1.35 1.35 1.35 1.35 1.35 1.35 1.35 1.35 1.35 1.35 1.35 1.35 1.35 1.35 1.35
1.38 1.38 1.36 1.34 1.34 1.34 1.32 1.32 1.32 1.32 1.32 1.30 1.30 1.30 1.32 1.34 1.34 1.34 1.38 1.42 1.42 1.42 1.40 1.38
1.42 1.42 1.37 1.32 1.32 1.32 1.30 1.29 1.29 1.29 1.28 1.26 1.26 1.26 1.30 1.33 1.33 1.33 1.40 1.48 1.48 1.48 1.45 1.42
1.40 1.40 1.34 1.28 1.28 1.28 1.28 1.27 1.27 1.27 1.26 1.24 1.24 1.24 1.27 1.30 1.30 1.30 1.36 1.44 1.44 1.44 1.42 1.40
1.38 1.38 1.32 1.25 1.25 1.25 1.25 1.25 1.25 1.25 1.24 1.23 1.23 1.23 1.24 1.26 1.26 1.26 1.33 1.40 1.40 1.40 1.39 1.38
1.35 1.35 1.29 1.23 1.23 1.23 1.24 1.24 1.24 1.24 1.23 1.22 1.22 1.22 1.22 1.23 1.23 1.23 1.30 1.36 1.36 1.36 1.36 1.35
1.32 1.32 1.26 1.21 1.21 1.21 1.22 1.22 1.22 1.22 1.21 1.20 1.20 1.20 1.20 1.20 1.20 1.20 1.26 1.31 1.31 1.31 1.32 1.32
1.29 1.29 1.24 1.20 1.20 1.20 1.21 1.21 1.21 1.21 1.20 1.19 1.19 1.19 1.18 1.18 1.18 1.18 1.23 1.28 1.28 1.28 1.29 1.29
1.26 1.26 1.22 1.19 1.19 1.19 1.20 1.20 1.20 1.20 1.19 1.18 1.18 1.18 1.17 1.16 1.16 1.16 1.21 1.26 1.26 1.26 1.26 1.26
1.24 1.24 1.22 1.20 1.20 1.20 1.20 1.20 1.20 1.20 1.18 1.17 1.17 1.17 1.16 1.16 1.16 1.16 1.21 1.26 1.26 1.26 1.25 1.24
1.22 1.22 1.21 1.20 1.20 1.20 1.20 1.19 1.19 1.19 1.18 1.16 1.16 1.16 1.16 1.16 1.16 1.16 1.20 1.25 1.25 1.25 1.24 1.22
1.22 1.22 1.22 1.23 1.23 1.23 1.21 1.18 1.18 1.18 1.17 1.16 1.16 1.16 1.16 1.16 1.16 1.16 1.21 1.26 1.26 1.26 1.24 1.22
1.22 1.22 1.24 1.26 1.26 1.26 1.22 1.18 1.18 1.18 1.16 1.15 1.15 1.15 1.16 1.16 1.16 1.16 1.22 1.28 1.28 1.28 1.26 1.22
1.26 1.26 1.28 1.29 1.29 1.29 1.23 1.17 1.17 1.17 1.16 1.14 1.14 1.14 1.16 1.17 1.17 1.17 1.24 1.30 1.30 1.30 1.28 1.26
1.30 1.30 1.31 1.32 1.32 1.32 1.24 1.16 1.16 1.16 1.15 1.14 1.14 1.14 1.16 1.18 1.18 1.18 1.26 1.33 1.33 1.33 1.32 1.30
1.26 1.26 1.31 1.36 1.36 1.36 1.25 1.14 1.14 1.14 1.14 1.14 1.14 1.14 1.16 1.18 1.18 1.18 1.21 1.24 1.24 1.24 1.26 1.26
1.23 1.23 1.32 1.40 1.40 1.40 1.26 1.13 1.13 1.13 1.13 1.13 1.13 1.13 1.16 1.19 1.19 1.19 1.18 1.16 1.16 1.16 1.20 1.23
1.23 1.23 1.32 1.40 1.40 1.40 1.26 1.13 1.13 1.13 1.13 1.13 1.13 1.13 1.16 1.19 1.19 1.19 1.18 1.16 1.16 1.16 1.20 1.23
1.23 1.23 1.32 1.40 1.40 1.40 1.26 1.13 1.13 1.13 1.13 1.13 1.13 1.13 1.16 1.19 1.19 1.19 1.18 1.16 1.16 1.16 1.20 1.23
1.35 1.35 1.35 1.35 1.35 1.35 1.35 1.35 1.35 1.35 1.35 1.35 1.35 1.35 1.35 1.35 1.35 1.35 1.35 1.35 1.35 1.35 1.35 1.35
1.40 1.40 1.36 1.33 1.33 1.33 1.32 1.31 1.31 1.31 1.32 1.32 1.32 1.32 1.32 1.32 1.32 1.32 1.36 1.41 1.41 1.41 1.40 1.40
1.45 1.45 1.38 1.31 1.31 1.31 1.29 1.27 1.27 1.27 1.28 1.28 1.28 1.28 1.29 1.30 1.30 1.30 1.38 1.47 1.47 1.47 1.46 1.45
1.43 1.43 1.35 1.26 1.26 1.26 1.25 1.25 1.25 1.25 1.26 1.27 1.27 1.27 1.28 1.28 1.28 1.28 1.35 1.42 1.42 1.42 1.42 1.43
1.41 1.41 1.32 1.22 1.22 1.22 1.22 1.23 1.23 1.23 1.24 1.26 1.26 1.26 1.26 1.26 1.26 1.26 1.32 1.38 1.38 1.38 1.40 1.41
1.38 1.38 1.29 1.20 1.20 1.20 1.20 1.22 1.22 1.22 1.23 1.24 1.24 1.24 1.23 1.22 1.22 1.22 1.28 1.34 1.34 1.34 1.36 1.38
1.35 1.35 1.26 1.17 1.17 1.17 1.18 1.20 1.20 1.20 1.22 1.23 1.23 1.23 1.20 1.18 1.18 1.18 1.24 1.29 1.29 1.29 1.32 1.35
1.32 1.32 1.24 1.16 1.16 1.16 1.17 1.18 1.18 1.18 1.20 1.22 1.22 1.22 1.19 1.16 1.16 1.16 1.20 1.24 1.24 1.24 1.28 1.32
1.28 1.28 1.22 1.15 1.15 1.15 1.16 1.17 1.17 1.17 1.19 1.21 1.21 1.21 1.17 1.13 1.13 1.13 1.16 1.20 1.20 1.20 1.24 1.28
1.26 1.26 1.20 1.16 1.16 1.16 1.16 1.16 1.16 1.16 1.18 1.20 1.20 1.20 1.16 1.12 1.12 1.12 1.15 1.18 1.18 1.18 1.22 1.26
1.22 1.22 1.19 1.16 1.16 1.16 1.16 1.16 1.16 1.16 1.17 1.18 1.18 1.18 1.15 1.12 1.12 1.12 1.14 1.17 1.17 1.17 1.20 1.22
1.22 1.22 1.20 1.19 1.19 1.19 1.17 1.16 1.16 1.16 1.17 1.18 1.18 1.18 1.15 1.13 1.13 1.13 1.16 1.20 1.20 1.20 1.21 1.22
1.22 1.22 1.22 1.22 1.22 1.22 1.18 1.15 1.15 1.15 1.16 1.17 1.17 1.17 1.16 1.14 1.14 1.14 1.18 1.23 1.23 1.23 1.22 1.22
1.27 1.27 1.27 1.26 1.26 1.26 1.20 1.14 1.14 1.14 1.15 1.16 1.16 1.16 1.16 1.16 1.16 1.16 1.23 1.30 1.30 1.30 1.28 1.27
1.32 1.32 1.31 1.30 1.30 1.30 1.22 1.13 1.13 1.13 1.14 1.15 1.15 1.15 1.16 1.17 1.17 1.17 1.27 1.37 1.37 1.37 1.34 1.32
1.25 1.25 1.30 1.34 1.34 1.34 1.23 1.12 1.12 1.12 1.13 1.14 1.14 1.14 1.16 1.18 1.18 1.18 1.24 1.30 1.30 1.30 1.27 1.25
1.18 1.18 1.28 1.39 1.39 1.39 1.25 1.11 1.11 1.11 1.12 1.13 1.13 1.13 1.16 1.20 1.20 1.20 1.22 1.23 1.23 1.23 1.20 1.18
1.18 1.18 1.28 1.39 1.39 1.39 1.25 1.11 1.11 1.11 1.12 1.13 1.13 1.13 1.16 1.20 1.20 1.20 1.22 1.23 1.23 1.23 1.20 1.18
1.18 1.18 1.28 1.39 1.39 1.39 1.25 1.11 1.11 1.11 1.12 1.13 1.13 1.13 1.16 1.20 1.20 1.20 1.22 1.23 1.23 1.23 1.20 1.18
1.40 1.40 1.40 1.40 1.40 1.40 1.40 1.40 1.40 1.40 1.40 1.40 1.40 1.40 1.40 1.40 1.40 1.40 1.40 1.40 1.40 1.40 1.40 1.40
1.43 1.43 1.41 1.38 1.38 1.38 1.38 1.38 1.38 1.38 1.39 1.40 1.40 1.40 1.40 1.39 1.39 1.39 1.41 1.43 1.43 1.43 1.43 1.43
1.46 1.46 1.42 1.37 1.37 1.37 1.36 1.35 1.35 1.35 1.38 1.40 1.40 1.40 1.39 1.38 1.38 1.38 1.42 1.46 1.46 1.46 1.46 1.46
1.44 1.44 1.39 1.34 1.34 1.34 1.33 1.32 1.32 1.32 1.34 1.36 1.36 1.36 1.36 1.36 1.36 1.36 1.39 1.42 1.42 1.42 1.43 1.44
1.42 1.42 1.36 1.31 1.31 1.31 1.30 1.30 1.30 1.30 1.30 1.31 1.31 1.31 1.32 1.33 1.33 1.33 1.35 1.37 1.37 1.37 1.40 1.42
1.36 1.36 1.32 1.28 1.28 1.28 1.28 1.28 1.28 1.28 1.28 1.28 1.28 1.28 1.28 1.29 1.29 1.29 1.30 1.30 1.30 1.30 1.33 1.36
1.30 1.30 1.28 1.25 1.25 1.25 1.26 1.27 1.27 1.27 1.26 1.24 1.24 1.24 1.24 1.25 1.25 1.25 1.24 1.24 1.24 1.24 1.27 1.30
1.24 1.24 1.24 1.22 1.22 1.22 1.24 1.26 1.26 1.26 1.24 1.22 1.22 1.22 1.21 1.20 1.20 1.20 1.20 1.20 1.20 1.20 1.22 1.24
1.18 1.18 1.19 1.20 1.20 1.20 1.22 1.25 1.25 1.25 1.22 1.20 1.20 1.20 1.18 1.16 1.16 1.16 1.16 1.17 1.17 1.17 1.18 1.18
1.16 1.16 1.17 1.18 1.18 1.18 1.19 1.21 1.21 1.21 1.19 1.18 1.18 1.18 1.16 1.14 1.14 1.14 1.15 1.16 1.16 1.16 1.16 1.16
1.15 1.15 1.16 1.16 1.16 1.16 1.16 1.17 1.17 1.17 1.16 1.16 1.16 1.16 1.14 1.12 1.12 1.12 1.13 1.14 1.14 1.14 1.14 1.15
1.20 1.20 1.18 1.17 1.17 1.17 1.15 1.14 1.14 1.14 1.13 1.13 1.13 1.13 1.12 1.12 1.12 1.12 1.13 1.14 1.14 1.14 1.17 1.20
1.25 1.25 1.22 1.18 1.18 1.18 1.14 1.10 1.10 1.10 1.10 1.10 1.10 1.10 1.10 1.11 1.11 1.11 1.13 1.15 1.15 1.15 1.20 1.25
1.28 1.28 1.26 1.25 1.25 1.25 1.18 1.10 1.10 1.10 1.10 1.10 1.10 1.10 1.11 1.12 1.12 1.12 1.15 1.18 1.18 1.18 1.23 1.28
1.31 1.31 1.32 1.32 1.32 1.32 1.22 1.11 1.11 1.11 1.11 1.11 1.11 1.11 1.12 1.12 1.12 1.12 1.16 1.20 1.20 1.20 1.26 1.31
1.26 1.26 1.27 1.28 1.28 1.28 1.19 1.10 1.10 1.10 1.13 1.16 1.16 1.16 1.14 1.13 1.13 1.13 1.17 1.22 1.22 1.22 1.24 1.26
1.21 1.21 1.22 1.23 1.23 1.23 1.16 1.09 1.09 1.09 1.14 1.20 1.20 1.20 1.17 1.14 1.14 1.14 1.18 1.23 1.23 1.23 1.22 1.21
1.21 1.21 1.22 1.23 1.23 1.23 1.16 1.09 1.09 1.09 1.14 1.20 1.20 1.20 1.17 1.14 1.14 1.14 1.18 1.23 1.23 1.23 1.22 1.21
1.21 1.21 1.22 1.23 1.23 1.23 1.16 1.09 1.09 1.09 1.14 1.20 1.20 1.20 1.17 1.14 1.14 1.14 1.18 1.23 1.23 1.23 1.22 1.21
1.21 1.21 1.21 1.21 1.21 1.21 1.21 1.21 1.21 1.21 1.21 1.21 1.21 1.21 1.21 1.21 1.21 1.21 1.21 1.21 1.21 1.21 1.21 1.21
1.24 1.24 1.23 1.22 1.22 1.22 1.20 1.18 1.18 1.18 1.18 1.19 1.19 1.19 1.20 1.21 1.21 1.21 1.22 1.22 1.22 1.22 1.22 1.24
1.26 1.26 1.25 1.24 1.24 1.24 1.20 1.15 1.15 1.15 1.16 1.17 1.17 1.17 1.19 1.21 1.21 1.21 1.22 1.22 1.22 1.22 1.24 1.26
1.24 1.24 1.22 1.21 1.21 1.21 1.18 1.14 1.14 1.14 1.15 1.16 1.16 1.16 1.17 1.18 1.18 1.18 1.19 1.20 1.20 1.20 1.22 1.24
1.22 1.22 1.20 1.18 1.18 1.18 1.16 1.14 1.14 1.14 1.14 1.15 1.15 1.15 1.16 1.16 1.16 1.16 1.17 1.18 1.18 1.18 1.20 1.22
1.20 1.20 1.19 1.18 1.18 1.18 1.16 1.14 1.14 1.14 1.14 1.15 1.15 1.15 1.15 1.15 1.15 1.15 1.16 1.16 1.16 1.16 1.18 1.20
1.18 1.18 1.18 1.17 1.17 1.17 1.16 1.14 1.14 1.14 1.14 1.15 1.15 1.15 1.14 1.14 1.14 1.14 1.14 1.15 1.15 1.15 1.16 1.18
1.18 1.18 1.18 1.18 1.18 1.18 1.16 1.14 1.14 1.14 1.15 1.16 1.16 1.16 1.15 1.14 1.14 1.14 1.14 1.15 1.15 1.15 1.16 1.18
1.17 1.17 1.18 1.20 1.20 1.20 1.18 1.15 1.15 1.15 1.16 1.16 1.16 1.16 1.15 1.14 1.14 1.14 1.14 1.15 1.15 1.15 1.16 1.17
1.17 1.17 1.20 1.22 1.22 1.22 1.19 1.16 1.16 1.16 1.16 1.16 1.16 1.16 1.15 1.14 1.14 1.14 1.15 1.16 1.16 1.16 1.16 1.17
1.17 1.17 1.21 1.25 1.25 1.25 1.21 1.17 1.17 1.17 1.17 1.17 1.17 1.17 1.16 1.15 1.15 1.15 1.16 1.16 1.16 1.16 1.16 1.17
1.18 1.18 1.23 1.28 1.28 1.28 1.22 1.17 1.17 1.17 1.18 1.18 1.18 1.18 1.18 1.17 1.17 1.17 1.18 1.18 1.18 1.18 1.18 1.18
1.18 1.18 1.24 1.30 1.30 1.30 1.24 1.17 1.17 1.17 1.18 1.20 1.20 1.20 1.20 1.19 1.19 1.19 1.20 1.20 1.20 1.20 1.19 1.18
1.19 1.19 1.26 1.32 1.32 1.32 1.24 1.16 1.16 1.16 1.19 1.22 1.22 1.22 1.21 1.20 1.20 1.20 1.21 1.22 1.22 1.22 1.20 1.19
1.20 1.20 1.27 1.34 1.34 1.34 1.24 1.14 1.14 1.14 1.19 1.24 1.24 1.24 1.23 1.22 1.22 1.22 1.22 1.23 1.23 1.23 1.22 1.20
1.20 1.20 1.28 1.36 1.36 1.36 1.24 1.13 1.13 1.13 1.20 1.27 1.27 1.27 1.26 1.24 1.24 1.24 1.23 1.22 1.22 1.22 1.21 1.20
1.20 1.20 1.28 1.37 1.37 1.37 1.24 1.12 1.12 1.12 1.21 1.30 1.30 1.30 1.28 1.27 1.27 1.27 1.24 1.20 1.20 1.20 1.20 1.20
1.20 1.20 1.28 1.37 1.37 1.37 1.24 1.12 1.12 1.12 1.21 1.30 1.30 1.30 1.28 1.27 1.27 1.27 1.24 1.20 1.20 1.20 1.20 1.20
1.24 1.24 1.30 1.38 1.38 1.38 1.26 1.15 1.15 1.15 1.18 1.22 1.22 1.22 1.21 1.20 1.20 1.20 1.20 1.20 1.20 1.20 1.22 1.24
1.22 1.22 1.22 1.22 1.22 1.22 1.22 1.22 1.22 1.22 1.22 1.22 1.22 1.22 1.22 1.22 1.22 1.22 1.22 1.22 1.22 1.22 1.22 1.22
1.24 1.24 1.24 1.22 1.22 1.22 1.22 1.21 1.21 1.21 1.20 1.20 1.20 1.20 1.22 1.23 1.23 1.23 1.23 1.22 1.22 1.22 1.24 1.24
1.27 1.27 1.25 1.23 1.23 1.23 1.22 1.20 1.20 1.20 1.19 1.18 1.18 1.18 1.21 1.24 1.24 1.24 1.24 1.23 1.23 1.23 1.25 1.27
1.25 1.25 1.23 1.21 1.21 1.21 1.20 1.20 1.20 1.20 1.19 1.18 1.18 1.18 1.19 1.20 1.20 1.20 1.21 1.21 1.21 1.21 1.23 1.25
1.23 1.23 1.21 1.19 1.19 1.19 1.19 1.19 1.19 1.19 1.18 1.17 1.17 1.17 1.17 1.17 1.17 1.17 1.18 1.19 1.19 1.19 1.21 1.23
1.22 1.22 1.20 1.18 1.18 1.18 1.19 1.19 1.19 1.19 1.18 1.17 1.17 1.17 1.16 1.16 1.16 1.16 1.17 1.18 1.18 1.18 1.20 1.22
1.20 1.20 1.19 1.18 1.18 1.18 1.18 1.19 1.19 1.19 1.18 1.17 1.17 1.17 1.16 1.14 1.14 1.14 1.16 1.17 1.17 1.17 1.18 1.20
1.18 1.18 1.18 1.18 1.18 1.18 1.19 1.20 1.20 1.20 1.18 1.17 1.17 1.17 1.16 1.14 1.14 1.14 1.16 1.16 1.16 1.16 1.17 1.18
1.17 1.17 1.18 1.19 1.19 1.19 1.20 1.21 1.21 1.21 1.19 1.17 1.17 1.17 1.16 1.15 1.15 1.15 1.16 1.16 1.16 1.16 1.16 1.17
1.17 1.17 1.19 1.20 1.20 1.20 1.21 1.22 1.22 1.22 1.20 1.18 1.18 1.18 1.17 1.16 1.16 1.16 1.16 1.16 1.16 1.16 1.17 1.17
1.17 1.17 1.20 1.22 1.22 1.22 1.22 1.23 1.23 1.23 1.20 1.18 1.18 1.18 1.18 1.17 1.17 1.17 1.17 1.17 1.17 1.17 1.17 1.17
1.18 1.18 1.22 1.26 1.26 1.26 1.24 1.22 1.22 1.22 1.20 1.18 1.18 1.18 1.18 1.18 1.18 1.18 1.18 1.18 1.18 1.18 1.18 1.18
1.20 1.20 1.25 1.30 1.30 1.30 1.26 1.22 1.22 1.22 1.20 1.19 1.19 1.19 1.19 1.19 1.19 1.19 1.18 1.18 1.18 1.18 1.19 1.20
1.23 1.23 1.28 1.34 1.34 1.34 1.27 1.20 1.20 1.20 1.20 1.21 1.21 1.21 1.21 1.21 1.21 1.21 1.22 1.23 1.23 1.23 1.23 1.23
1.26 1.26 1.32 1.38 1.38 1.38 1.28 1.17 1.17 1.17 1.20 1.23 1.23 1.23 1.23 1.23 1.23 1.23 1.26 1.28 1.28 1.28 1.27 1.26
1.26 1.26 1.34 1.41 1.41 1.41 1.28 1.14 1.14 1.14 1.20 1.26 1.26 1.26 1.26 1.26 1.26 1.26 1.25 1.25 1.25 1.25 1.26 1.26
1.26 1.26 1.35 1.44 1.44 1.44 1.28 1.11 1.11 1.11 1.20 1.28 1.28 1.28 1.28 1.28 1.28 1.28 1.25 1.22 1.22 1.22 1.24 1.26
1.26 1.26 1.35 1.44 1.44 1.44 1.28 1.11 1.11 1.11 1.20 1.28 1.28 1.28 1.28 1.28 1.28 1.28 1.25 1.22 1.22 1.22 1.24 1.26
1.24 1.24 1.34 1.35 1.35 1.35 1.24 1.12 1.12 1.12 1.17 1.20 1.20 1.20 1.21 1.22 1.22 1.22 1.22 1.22 1.22 1.22 1.23 1.24
1.23 1.23 1.23 1.23 1.23 1.23 1.23 1.23 1.23 1.23 1.23 1.23 1.23 1.23 1.23 1.23 1.23 1.23 1.23 1.23 1.23 1.23 1.23 1.23
1.26 1.26 1.26 1.25 1.25 1.25 1.22 1.20 1.20 1.20 1.20 1.19 1.19 1.19 1.21 1.23 1.23 1.23 1.24 1.24 1.24 1.24 1.25 1.26
1.30 1.30 1.28 1.27 1.27 1.27 1.22 1.17 1.17 1.17 1.16 1.15 1.15 1.15 1.19 1.23 1.23 1.23 1.24 1.24 1.24 1.24 1.27 1.30
1.26 1.26 1.25 1.24 1.24 1.24 1.21 1.18 1.18 1.18 1.17 1.16 1.16 1.16 1.19 1.22 1.22 1.22 1.23 1.24 1.24 1.24 1.25 1.26
1.22 1.22 1.22 1.22 1.22 1.22 1.21 1.20 1.20 1.20 1.19 1.18 1.18 1.18 1.20 1.21 1.21 1.21 1.22 1.23 1.23 1.23 1.22 1.22
1.19 1.19 1.20 1.20 1.20 1.20 1.22 1.23 1.23 1.23 1.22 1.20 1.20 1.20 1.20 1.20 1.20 1.20 1.21 1.22 1.22 1.22 1.20 1.19
1.16 1.16 1.17 1.18 1.18 1.18 1.22 1.26 1.26 1.26 1.24 1.21 1.21 1.21 1.20 1.19 1.19 1.19 1.20 1.21 1.21 1.21 1.18 1.16
1.15 1.15 1.16 1.16 1.16 1.16 1.22 1.28 1.28 1.28 1.26 1.24 1.24 1.24 1.21 1.19 1.19 1.19 1.19 1.20 1.20 1.20 1.17 1.15
1.14 1.14 1.14 1.15 1.15 1.15 1.22 1.30 1.30 1.30 1.28 1.26 1.26 1.26 1.22 1.19 1.19 1.19 1.18 1.18 1.18 1.18 1.16 1.14
1.14 1.14 1.14 1.14 1.14 1.14 1.22 1.30 1.30 1.30 1.28 1.26 1.26 1.26 1.23 1.19 1.19 1.19 1.18 1.17 1.17 1.17 1.16 1.14
1.14 1.14 1.14 1.14 1.14 1.14 1.22 1.30 1.30 1.30 1.28 1.27 1.27 1.27 1.23 1.19 1.19 1.19 1.18 1.16 1.16 1.16 1.15 1.14
1.15 1.15 1.15 1.14 1.14 1.14 1.21 1.28 1.28 1.28 1.26 1.28 1.28 1.28 1.21 1.18 1.18 1.18 1.17 1.16 1.16 1.16 1.15 1.15
1.16 1.16 1.16 1.15 1.15 1.15 1.20 1.25 1.25 1.25 1.22 1.20 1.20 1.20 1.18 1.17 1.17 1.17 1.16 1.15 1.15 1.15 1.16 1.16
1.18 1.18 1.18 1.18 1.18 1.18 1.20 1.22 1.22 1.22 1.20 1.18 1.18 1.18 1.18 1.18 1.18 1.18 1.17 1.17 1.17 1.17 1.18 1.18
1.21 1.21 1.22 1.22 1.22 1.22 1.20 1.18 1.18 1.18 1.16 1.15 1.15 1.15 1.16 1.18 1.18 1.18 1.18 1.19 1.19 1.19 1.20 1.21
1.23 1.23 1.22 1.22 1.22 1.22 1.19 1.16 1.16 1.16 1.16 1.16 1.16 1.16 1.18 1.20 1.20 1.20 1.20 1.21 1.21 1.21 1.22 1.23
1.25 1.25 1.23 1.21 1.21 1.21 1.17 1.13 1.13 1.13 1.15 1.17 1.17 1.17 1.20 1.22 1.22 1.22 1.22 1.23 1.23 1.23 1.24 1.25
1.25 1.25 1.23 1.21 1.21 1.21 1.17 1.13 1.13 1.13 1.15 1.17 1.17 1.17 1.20 1.22 1.22 1.22 1.22 1.23 1.23 1.23 1.24 1.25
1.20 1.22 1.22 1.23 1.23 1.23 1.18 1.14 1.14 1.14 1.14 1.15 1.15 1.15 1.17 1.18 1.18 1.18 1.20 1.22 1.22 1.22 1.22 1.22
